958431
958433
958427
958429
958430
958428
958432
958426
958434
958435
958472
958476
958477
958478
958479
958480
958481
958473
958475
958474
959737
959741
959745
959725
959733
959754
959751
959729
959748
959721
959768
959757
959760
959762
959764
959766
959771
959773
959770
959772
959776
959774
959775
959779
959781
959782
959778
959780
959777
959783
959786
959784
959785
959789
959791
959792
959788
959793
959790
959787
959800
959803
959798
959799
959794
959795
959796
959797
959801
959802
959808
959805
959806
959810
959811
959812
959807
959809
959804
959813
959821
959819
959823
959814
959815
959816
959817
959822
959818
959820
959825
959827
959830
959831
959833
959824
959832
959826
959829
959828
959834
959835
959569
959589
959609
959619
959837
959836
959579
959599
959649
959659
959580
959590
959678
959686
959570
959639
959669
959629
959679
959687
959600
959620
959640
959650
959660
959630
959670
959610
959578
959694
959701
959707
959715
959712
959588
959598
959568
959714
959668
959677
959658
959571
959581
959638
959608
959618
959648
959628
959651
959661
959611
959641
959680
959601
959591
959631
959671
959621
959605
959695
959702
959708
959565
959575
959560
959595
959585
959688
959683
959691
959698
959615
959625
959635
959645
959655
959665
959674
959572
959582
959632
959642
959612
959652
959602
959562
959592
959622
959584
959574
959662
959689
959696
959703
959709
959564
959672
959681
959594
959604
959654
959664
959673
959634
959644
959614
959624
959682
959603
959559
959563
959573
959697
959704
959690
959710
959583
959593
959663
959643
959653
959623
959561
959567
959577
959587
959633
959613
959597
959607
959617
959647
959627
959657
959667
959676
959685
959637
959576
959586
959606
959626
959616
959693
959566
959596
959700
959706
959705
959675
959684
959656
959711
959699
959666
959636
959646
959692
959872
959864
959713
959852
959856
959868
959860
959844
959880
959884
959888
959892
959896
959900
959838
959876
959903
959905
959870
959842
959862
959866
959850
959854
959858
959874
959846
959878
959839
959843
959890
959886
959894
959863
959855
959859
959887
959891
959879
959871
959875
959883
959867
959899
959841
959857
959861
959865
959869
959895
959849
959845
959853
959906
959904
959873
959877
959889
959897
959885
959893
959901
959881
959753
959736
959744
959720
959728
959732
959717
959724
959908
959907
959740